Person 0.9624998569488524 696 389 716 491
Person 0.919580578804016 368 348 491 552
Person 0.9131519198417664 204 430 245 512
Person 0.8935613036155701 61 286 614 757
Person 0.8914754986763 368 327 552 696
Person 0.8852733969688416 901 348 962 409
Person 0.8728786110877991 716 389 737 491
Person 0.8724538683891296 0 552 102 757
Person 0.8655457496643066 880 348 901 389
Person 0.8594129085540771 0 327 61 696
Person 0.8528268337249756 0 593 61 737
Person 0.8338156938552856 450 450 532 655
Person 0.8296968936920166 430 348 532 491
