Person 0.9818354845046996 418 54 1001 637
Person 0.9718999862670898 54 36 528 619
Person 0.970347225666046 528 54 783 582
Person 0.9475995302200316 400 91 491 346
Person 0.921579897403717 18 546 54 601
Person 0.906177580356598 619 72 692 163
Person 0.9016912579536438 54 200 236 582
Person 0.8868223428726196 54 109 819 491
Person 0.8654523491859436 218 91 455 437
Person 0.8637276887893677 145 91 346 619
Person 0.814341127872467 437 91 509 400
Person 0.8106305599212646 637 72 837 637
Person 0.8026987314224243 418 109 491 200
