Person 0.9965597987174988 819 512 1003 716
Person 0.9705045819282532 163 552 614 757
Person 0.9382678270339966 880 532 942 614
Person 0.9353498816490172 860 532 962 655
Person 0.9229223132133484 0 0 819 839
Person 0.9180128574371338 348 389 368 430
Person 0.9121238589286804 778 0 860 40
Person 0.9012175798416138 143 573 184 655
Person 0.8994381427764893 184 532 1044 757
Person 0.8861294984817505 962 0 1024 81
Person 0.8842402100563049 696 491 1003 737
Person 0.8520457744598389 942 552 983 696
Person 0.8497749567031859 491 20 901 532
Person 0.8394123911857605 204 245 880 798
