Person 0.9791260957717896 253 308 308 435
Person 0.9754632115364076 380 326 398 398
Person 0.9749965667724608 235 290 453 580
Person 0.9737535119056702 0 290 90 525
Person 0.9693048000335692 290 326 380 398
Person 0.9665676951408386 235 308 380 417
Person 0.9651578664779664 272 326 308 398
Person 0.955841898918152 344 326 398 417
Person 0.930935561656952 435 344 525 471
Person 0.9279950261116028 290 326 453 435
Person 0.9240947961807252 272 326 326 453
Person 0.8674575090408325 163 308 507 471
Person 0.8420264720916748 272 308 398 489
