Person 0.9885050654411316 856 309 983 473
Person 0.975495994091034 892 491 1019 655
Person 0.9670682549476624 54 364 182 546
Person 0.9330283403396606 36 382 109 528
Person 0.8975388407707214 218 491 273 619
Person 0.892643928527832 291 346 437 655
Person 0.8873831629753113 619 382 728 637
Person 0.8819995522499084 509 309 637 473
Person 0.8410164713859558 36 327 291 655
Person 0.8408293724060059 710 291 764 382
Person 0.8397225141525269 801 327 856 418
Person 0.8195316791534424 528 327 619 437
