Person 120 70 633 1023
Person 120 70 633 1023
Person 120 70 633 1023
Person 120 70 633 1023
Person 120 70 633 1023
Person 120 70 633 1023
Person 120 70 633 1023
Person 120 70 633 1023
Person 120 70 633 1023
Person 120 70 633 1023
Person 120 70 633 1023
Person 120 70 633 1023
Person 120 70 633 1023
Person 120 70 633 1023
Person 120 70 633 1023
Person 120 70 633 1023
Person 120 70 633 1023
Person 120 70 633 1023
Person 120 70 633 1023
Person 120 70 633 1023
Person 120 70 633 1023
Person 120 70 633 1023
Person 120 70 633 1023
Person 120 70 633 1023
Person 120 70 633 1023
Person 120 70 633 1023
Person 120 70 633 1023
Person 120 70 633 1023
Person 120 70 633 1023
Person 120 70 633 1023
Person 120 70 633 1023
Person 120 70 633 1023
Person 120 70 633 1023
Person 120 70 633 1023
Person 120 70 633 1023
Person 120 70 633 1023
Person 120 70 633 1023
