Person 669 396 732 550
Person 669 396 732 550
Person 669 396 732 550
Person 669 396 732 550
Person 669 396 732 550
Person 669 396 732 550
Person 669 396 732 550
Person 669 396 732 550
Person 669 396 732 550
Person 669 396 732 550
Person 669 396 732 550
Person 669 396 732 550
Person 669 396 732 550
Person 669 396 732 550
Person 669 396 732 550
Person 669 396 732 550
Person 669 396 732 550
Person 669 396 732 550
Person 669 396 732 550
Person 669 396 732 550
Person 669 396 732 550
Person 669 396 732 550
Person 669 396 732 550
Person 669 396 732 550
Person 669 396 732 550
