Person 698 331 861 679
Person 698 331 861 679
Person 698 331 861 679
Person 698 331 861 679
Person 698 331 861 679
Person 698 331 861 679
Person 698 331 861 679
Person 698 331 861 679
Person 698 331 861 679
Person 698 331 861 679
Person 698 331 861 679
Person 698 331 861 679
Person 698 331 861 679
Person 698 331 861 679
Person 698 331 861 679
Person 698 331 861 679
Person 698 331 861 679
Person 698 331 861 679
Person 698 331 861 679
Person 698 331 861 679
Person 698 331 861 679
Person 698 331 861 679
Person 698 331 861 679
Person 698 331 861 679
Person 698 331 861 679
Person 698 331 861 679
Person 698 331 861 679
Person 698 331 861 679
Person 698 331 861 679
Person 698 331 861 679
Person 698 331 861 679
Person 698 331 861 679
Person 698 331 861 679
Person 698 331 861 679
Person 698 331 861 679
Person 698 331 861 679
Person 698 331 861 679
Person 698 331 861 679
Person 698 331 861 679
Person 698 331 861 679
Person 698 331 861 679
Person 698 331 861 679
Person 698 331 861 679
Person 698 331 861 679
Person 698 331 861 679
Person 698 331 861 679
